629797991826722816
630159517058142208
630542330827771904
630636736746422272
630807124872970240
631104156187627520
623289728708792320
626714507797094401
628949369883000832
628976607420645377
629186282179153920
629226490152914944
629268678844887044
629345637155360768
629394528336637953
629650766580609026
631543121407442946
631792365590695936
632078210960916480
632374683334258688
632411635626348544
632805868334153728
632983468188696576
633041928922132480
633119630417129476
633500866096574464
633594289029808128
634036617632546816
634364883040006144
634657299680858113
634921865916452864
634926683284336640
635291912727953408
635528136743092224
635655006088249344
635795783099387904
635937822344507392
636250751191355393
636628270172274688
636842896524726273
636861074256592896
636978321222467584
637430521191079936
637807521500020737
637968542915276800
638219008542535680
638427398694830080
638497802344091648
638802315533766660
639102028296376320
639160139820498944
639352599288877056
639451183342596096
639595547490430976
639703605705113600
639716079430967296
639806669392777218
639935724033339393
640006224944230400
640014309930758144
640345491503378433
640668469315403776
640698550951747584
640736865499217920
640740939397492736
640871644844572672
640894133465411585
641093453372260352
641203973559418880
641238513304866817
641295194583797765
641372287694823424
641382034678661120
641399343824572416
641404603376996352
641419291657506816
641437601048752128
641483505348804608
641510138235367424
641538169079369728
